INFORMATION NEED 101-4
precision 0.483
recall 0.182
F1 0.264
prec@10 0.500
average_precision 0.651
recall_precision
0.013 1.000
0.026 1.000
0.039 1.000
0.052 1.000
0.065 1.000
0.078 0.375
0.091 0.412
0.104 0.421
0.117 0.450
0.130 0.476
0.143 0.500
0.156 0.500
0.169 0.481
0.182 0.500
interpolated_recall_precision
0.000 1.000
0.100 0.500
0.200 0.000
0.300 0.000
0.400 0.000
0.500 0.000
0.600 0.000
0.700 0.000
0.800 0.000
0.900 0.000
1.000 0.000

INFORMATION NEED 106-4
precision 1.000
recall 0.080
F1 0.148
prec@10 1.000
average_precision 1.000
recall_precision
0.013 1.000
0.027 1.000
0.040 1.000
0.053 1.000
0.067 1.000
0.080 1.000
interpolated_recall_precision
0.000 1.000
0.100 0.000
0.200 0.000
0.300 0.000
0.400 0.000
0.500 0.000
0.600 0.000
0.700 0.000
0.800 0.000
0.900 0.000
1.000 0.000

INFORMATION NEED 206-4
precision 0.870
recall 0.519
F1 0.650
prec@10 0.900
average_precision 0.905
recall_precision
0.013 1.000
0.026 1.000
0.039 1.000
0.052 1.000
0.065 0.833
0.078 0.857
0.091 0.875
0.104 0.889
0.117 0.900
0.130 0.909
0.143 0.917
0.156 0.923
0.169 0.929
0.182 0.933
0.195 0.938
0.208 0.941
0.221 0.944
0.234 0.947
0.247 0.950
0.260 0.952
0.273 0.955
0.286 0.957
0.299 0.958
0.312 0.923
0.325 0.926
0.338 0.929
0.351 0.871
0.364 0.824
0.377 0.829
0.390 0.833
0.403 0.838
0.416 0.842
0.429 0.846
0.442 0.850
0.455 0.854
0.468 0.857
0.481 0.860
0.494 0.864
0.506 0.867
0.519 0.870
interpolated_recall_precision
0.000 1.000
0.100 0.958
0.200 0.958
0.300 0.929
0.400 0.870
0.500 0.870
0.600 0.000
0.700 0.000
0.800 0.000
0.900 0.000
1.000 0.000

INFORMATION NEED 209-2
precision 0.100
recall 0.078
F1 0.088
prec@10 0.400
average_precision 0.561
recall_precision
0.016 1.000
0.031 0.667
0.047 0.429
0.062 0.444
0.078 0.263
interpolated_recall_precision
0.000 1.000
0.100 0.000
0.200 0.000
0.300 0.000
0.400 0.000
0.500 0.000
0.600 0.000
0.700 0.000
0.800 0.000
0.900 0.000
1.000 0.000

INFORMATION NEED 305-4
precision 0.000
recall 0.000
F1 0.000
prec@10 0.000
average_precision 0.000
recall_precision
interpolated_recall_precision
0.000 0.000
0.100 0.000
0.200 0.000
0.300 0.000
0.400 0.000
0.500 0.000
0.600 0.000
0.700 0.000
0.800 0.000
0.900 0.000
1.000 0.000

TOTAL
precision 0.490
recall 0.172
F1 0.255
prec@10 0.560
MAP 0.623
interpolated_recall_precision
0.000 0.800
0.100 0.292
0.200 0.192
0.300 0.186
0.400 0.174
0.500 0.174
0.600 0.000
0.700 0.000
0.800 0.000
0.900 0.000
1.000 0.000

