INFORMATION NEED 101-4
precision 0.180
recall 0.117
F1 0.142
prec@10 0.000
average_precision 0.151
recall_precision
0.013 0.040
0.026 0.074
0.039 0.107
0.052 0.138
0.065 0.161
0.078 0.182
0.091 0.200
0.104 0.222
0.117 0.237
interpolated_recall_precision
0.000 0.237
0.100 0.237
0.200 0.000
0.300 0.000
0.400 0.000
0.500 0.000
0.600 0.000
0.700 0.000
0.800 0.000
0.900 0.000
1.000 0.000

INFORMATION NEED 106-4
precision 0.280
recall 0.187
F1 0.224
prec@10 0.600
average_precision 0.631
recall_precision
0.013 1.000
0.027 1.000
0.040 0.600
0.053 0.571
0.067 0.556
0.080 0.600
0.093 0.636
0.107 0.667
0.120 0.692
0.133 0.667
0.147 0.688
0.160 0.429
0.173 0.382
0.187 0.350
interpolated_recall_precision
0.000 1.000
0.100 0.692
0.200 0.000
0.300 0.000
0.400 0.000
0.500 0.000
0.600 0.000
0.700 0.000
0.800 0.000
0.900 0.000
1.000 0.000

INFORMATION NEED 206-4
precision 0.020
recall 0.013
F1 0.016
prec@10 0.100
average_precision 0.500
recall_precision
0.013 0.500
interpolated_recall_precision
0.000 0.500
0.100 0.000
0.200 0.000
0.300 0.000
0.400 0.000
0.500 0.000
0.600 0.000
0.700 0.000
0.800 0.000
0.900 0.000
1.000 0.000

INFORMATION NEED 209-2
precision 0.000
recall 0.000
F1 0.000
prec@10 0.000
average_precision 0.000
recall_precision
interpolated_recall_precision
0.000 0.000
0.100 0.000
0.200 0.000
0.300 0.000
0.400 0.000
0.500 0.000
0.600 0.000
0.700 0.000
0.800 0.000
0.900 0.000
1.000 0.000

INFORMATION NEED 305-4
precision 0.020
recall 0.018
F1 0.019
prec@10 0.100
average_precision 0.200
recall_precision
0.018 0.200
interpolated_recall_precision
0.000 0.200
0.100 0.000
0.200 0.000
0.300 0.000
0.400 0.000
0.500 0.000
0.600 0.000
0.700 0.000
0.800 0.000
0.900 0.000
1.000 0.000

TOTAL
precision 0.100
recall 0.067
F1 0.080
prec@10 0.160
MAP 0.297
interpolated_recall_precision
0.000 0.387
0.100 0.186
0.200 0.000
0.300 0.000
0.400 0.000
0.500 0.000
0.600 0.000
0.700 0.000
0.800 0.000
0.900 0.000
1.000 0.000

