INFORMATION NEED 101-4
precision 0.003
recall 0.584
F1 0.005
prec@10 0.200
average_precision 0.105
recall_precision
0.052 0.154
0.091 0.226
0.091 0.219
0.091 0.206
0.195 0.179
0.195 0.176
0.195 0.174
0.195 0.160
0.195 0.127
0.195 0.124
0.195 0.113
0.195 0.104
0.208 0.110
0.208 0.110
0.208 0.107
0.208 0.106
0.208 0.102
0.208 0.100
0.208 0.099
0.208 0.095
0.208 0.092
0.221 0.097
0.221 0.096
0.221 0.095
0.221 0.091
0.221 0.091
0.221 0.090
0.221 0.083
0.221 0.082
0.221 0.079
0.221 0.079
0.221 0.078
0.221 0.077
0.221 0.070
0.234 0.071
0.234 0.071
0.234 0.069
0.234 0.068
0.260 0.069
0.260 0.069
0.260 0.067
0.260 0.066
0.260 0.066
0.260 0.065
0.260 0.065
interpolated_recall_precision
0.000 0.226
0.100 0.179
0.200 0.110
0.300 0.000
0.400 0.000
0.500 0.000
0.600 0.000
0.700 0.000
0.800 0.000
0.900 0.000
1.000 0.000

INFORMATION NEED 106-4
precision 0.004
recall 0.893
F1 0.008
prec@10 1.000
average_precision 0.956
recall_precision
0.013 1.000
0.040 1.000
0.053 1.000
0.067 1.000
0.080 1.000
0.107 1.000
0.120 1.000
0.133 1.000
0.147 1.000
0.160 1.000
0.173 1.000
0.187 1.000
0.200 1.000
0.213 1.000
0.227 1.000
0.240 1.000
0.253 1.000
0.267 1.000
0.280 1.000
0.293 1.000
0.307 1.000
0.320 1.000
0.333 1.000
0.347 1.000
0.360 1.000
0.373 1.000
0.373 0.966
0.387 0.967
0.400 0.968
0.413 0.969
0.427 0.970
0.440 0.971
0.453 0.971
0.467 0.972
0.480 0.973
0.493 0.974
0.507 0.974
0.520 0.975
0.520 0.951
0.533 0.952
0.547 0.953
0.560 0.955
0.573 0.956
0.587 0.957
0.600 0.957
0.600 0.938
0.613 0.939
0.627 0.940
0.640 0.941
0.653 0.942
0.667 0.943
0.680 0.927
0.693 0.929
0.693 0.912
0.707 0.914
0.720 0.915
0.733 0.917
0.747 0.918
0.760 0.919
0.760 0.905
0.760 0.891
0.773 0.892
0.787 0.868
0.840 0.808
0.853 0.790
0.853 0.780
0.853 0.762
interpolated_recall_precision
0.000 1.000
0.100 1.000
0.200 1.000
0.300 1.000
0.400 0.975
0.500 0.975
0.600 0.957
0.700 0.919
0.800 0.808
0.900 0.000
1.000 0.000

INFORMATION NEED 206-4
precision 0.039
recall 0.688
F1 0.074
prec@10 0.700
average_precision 0.335
recall_precision
0.312 0.750
0.338 0.765
0.364 0.651
0.390 0.556
0.545 0.592
0.545 0.560
0.545 0.553
0.545 0.545
0.558 0.537
0.571 0.484
0.571 0.449
0.584 0.433
0.584 0.425
0.584 0.398
0.597 0.362
0.597 0.351
0.597 0.346
0.597 0.333
0.597 0.331
0.597 0.324
0.597 0.322
0.597 0.319
0.610 0.322
0.610 0.309
0.610 0.301
0.623 0.302
0.623 0.298
0.623 0.281
0.636 0.275
0.649 0.263
0.649 0.258
0.649 0.253
0.649 0.249
0.649 0.245
0.649 0.244
0.649 0.243
0.649 0.242
0.649 0.240
0.649 0.234
0.649 0.233
0.649 0.221
0.649 0.218
0.649 0.217
0.649 0.216
0.649 0.214
0.649 0.208
0.649 0.195
0.649 0.186
0.649 0.185
0.649 0.182
0.649 0.178
0.649 0.175
0.649 0.175
interpolated_recall_precision
0.000 0.765
0.100 0.765
0.200 0.765
0.300 0.765
0.400 0.592
0.500 0.592
0.600 0.322
0.700 0.000
0.800 0.000
0.900 0.000
1.000 0.000

INFORMATION NEED 209-2
precision 0.011
recall 1.000
F1 0.021
prec@10 0.300
average_precision 0.276
recall_precision
0.000 0.000
0.000 0.000
0.016 0.143
0.031 0.250
0.047 0.273
0.062 0.333
0.078 0.385
0.094 0.400
0.141 0.474
0.141 0.450
0.141 0.409
0.141 0.391
0.141 0.375
0.156 0.345
0.172 0.367
0.188 0.324
0.219 0.341
0.234 0.357
0.266 0.354
0.266 0.347
0.266 0.327
0.266 0.315
0.281 0.305
0.281 0.300
0.297 0.311
0.312 0.317
0.312 0.294
0.312 0.290
0.312 0.286
0.328 0.292
0.359 0.311
0.375 0.300
0.375 0.293
0.375 0.282
0.375 0.276
0.391 0.278
0.406 0.268
0.406 0.263
0.406 0.260
0.422 0.252
0.438 0.252
0.438 0.246
0.438 0.243
0.438 0.237
0.484 0.242
0.500 0.248
0.500 0.242
0.516 0.228
0.562 0.240
0.562 0.238
0.562 0.237
0.562 0.235
0.562 0.234
0.562 0.232
0.562 0.231
0.562 0.229
0.562 0.222
0.562 0.214
0.578 0.218
0.578 0.214
0.578 0.211
0.578 0.210
0.578 0.208
0.578 0.207
interpolated_recall_precision
0.000 0.474
0.100 0.474
0.200 0.357
0.300 0.317
0.400 0.268
0.500 0.248
0.600 0.000
0.700 0.000
0.800 0.000
0.900 0.000
1.000 0.000

INFORMATION NEED 305-4
precision 0.003
recall 1.000
F1 0.006
prec@10 0.300
average_precision 0.176
recall_precision
0.018 0.500
0.036 0.333
0.055 0.375
0.055 0.214
0.073 0.267
0.091 0.263
0.109 0.250
0.127 0.250
0.127 0.200
0.145 0.222
0.182 0.222
0.182 0.192
0.255 0.209
0.273 0.217
0.273 0.205
0.273 0.188
0.309 0.205
0.327 0.209
0.327 0.202
0.327 0.196
0.327 0.180
0.327 0.175
0.327 0.170
0.327 0.159
0.327 0.155
0.327 0.153
0.327 0.145
0.327 0.143
0.327 0.140
0.364 0.149
0.364 0.146
0.364 0.139
0.364 0.138
0.364 0.132
0.364 0.127
0.382 0.130
0.382 0.127
0.400 0.130
0.400 0.129
0.400 0.128
0.418 0.132
0.436 0.132
0.436 0.130
0.455 0.129
0.455 0.124
0.455 0.120
0.455 0.118
0.473 0.119
0.509 0.126
0.509 0.126
0.509 0.124
0.509 0.120
0.509 0.116
0.509 0.115
0.509 0.114
interpolated_recall_precision
0.000 0.500
0.100 0.250
0.200 0.217
0.300 0.209
0.400 0.132
0.500 0.126
0.600 0.000
0.700 0.000
0.800 0.000
0.900 0.000
1.000 0.000

TOTAL
precision 0.012
recall 0.833
F1 0.023
prec@10 0.500
MAP 0.369
interpolated_recall_precision
0.000 0.593
0.100 0.533
0.200 0.490
0.300 0.458
0.400 0.393
0.500 0.388
0.600 0.256
0.700 0.184
0.800 0.162
0.900 0.000
1.000 0.000

