INFORMATION NEED 101-4
precision 0.035
recall 0.896
F1 0.066
prec@10 0.800
average_precision 0.381
recall_precision
0.013 1.000
0.026 1.000
0.039 1.000
0.052 1.000
0.195 0.789
0.234 0.818
0.247 0.792
0.260 0.769
0.299 0.742
0.312 0.750
0.312 0.706
0.455 0.538
0.571 0.524
0.571 0.518
0.571 0.512
0.584 0.479
0.584 0.433
0.610 0.398
0.610 0.388
0.610 0.382
0.610 0.376
0.610 0.373
0.610 0.359
0.610 0.353
0.610 0.326
0.610 0.324
0.610 0.322
0.623 0.324
0.623 0.322
0.623 0.318
0.623 0.306
0.623 0.300
0.623 0.298
0.623 0.284
0.636 0.282
0.636 0.280
0.636 0.275
0.636 0.274
0.636 0.271
0.636 0.268
0.636 0.263
0.636 0.262
0.649 0.266
0.649 0.259
0.662 0.263
0.662 0.254
0.662 0.248
0.662 0.246
0.701 0.252
0.701 0.250
0.701 0.247
0.701 0.244
0.701 0.243
0.701 0.242
0.701 0.241
0.701 0.222
0.701 0.213
0.701 0.213
0.701 0.207
0.701 0.204
0.701 0.188
0.701 0.187
0.701 0.186
0.727 0.187
0.727 0.184
0.727 0.184
0.727 0.182
0.727 0.181
0.727 0.179
interpolated_recall_precision
0.000 1.000
0.100 0.818
0.200 0.818
0.300 0.750
0.400 0.538
0.500 0.524
0.600 0.398
0.700 0.252
0.800 0.000
0.900 0.000
1.000 0.000

INFORMATION NEED 106-4
precision 0.037
recall 1.000
F1 0.072
prec@10 0.900
average_precision 0.863
recall_precision
0.000 0.000
0.027 0.667
0.040 0.750
0.053 0.800
0.067 0.833
0.093 0.875
0.107 0.889
0.120 0.900
0.133 0.909
0.147 0.917
0.160 0.923
0.173 0.929
0.187 0.933
0.200 0.938
0.213 0.941
0.227 0.944
0.240 0.947
0.253 0.950
0.267 0.952
0.280 0.955
0.293 0.957
0.307 0.958
0.320 0.960
0.333 0.962
0.347 0.963
0.360 0.964
0.373 0.966
0.387 0.967
0.400 0.968
0.413 0.969
0.427 0.970
0.440 0.971
0.453 0.971
0.453 0.944
0.467 0.946
0.480 0.947
0.493 0.949
0.507 0.950
0.520 0.951
0.533 0.952
0.547 0.953
0.547 0.932
0.547 0.911
0.560 0.913
0.573 0.915
0.573 0.896
0.587 0.898
0.587 0.880
0.587 0.863
0.600 0.865
0.600 0.849
0.613 0.836
0.613 0.821
0.627 0.825
0.640 0.828
0.653 0.831
0.653 0.817
0.653 0.803
0.667 0.806
0.667 0.794
0.680 0.797
0.680 0.785
0.693 0.776
0.693 0.765
0.707 0.757
0.733 0.764
0.760 0.770
0.773 0.773
0.800 0.769
0.800 0.759
0.813 0.753
0.813 0.744
0.813 0.726
0.813 0.718
0.827 0.721
interpolated_recall_precision
0.000 0.971
0.100 0.971
0.200 0.971
0.300 0.971
0.400 0.971
0.500 0.953
0.600 0.865
0.700 0.773
0.800 0.769
0.900 0.000
1.000 0.000

INFORMATION NEED 206-4
precision 0.038
recall 0.987
F1 0.073
prec@10 0.700
average_precision 0.462
recall_precision
0.052 1.000
0.143 0.733
0.286 0.846
0.299 0.852
0.351 0.844
0.351 0.794
0.390 0.769
0.403 0.775
0.403 0.721
0.494 0.704
0.675 0.732
0.688 0.707
0.688 0.697
0.688 0.688
0.714 0.688
0.753 0.637
0.753 0.624
0.779 0.612
0.779 0.577
0.792 0.575
0.792 0.570
0.792 0.565
0.792 0.540
0.792 0.535
0.792 0.530
0.805 0.504
0.818 0.496
0.818 0.492
0.818 0.481
0.818 0.474
0.831 0.464
0.831 0.460
0.831 0.457
0.831 0.451
0.831 0.448
0.831 0.444
0.831 0.438
0.831 0.421
0.831 0.410
0.831 0.403
0.831 0.398
0.831 0.374
0.831 0.366
0.831 0.364
0.831 0.360
0.831 0.358
0.831 0.356
0.831 0.342
0.831 0.337
0.844 0.335
0.844 0.332
0.844 0.328
0.844 0.323
0.844 0.319
0.844 0.317
0.844 0.316
0.844 0.314
0.844 0.312
0.844 0.311
0.844 0.304
0.844 0.302
0.844 0.298
0.844 0.288
0.844 0.284
0.844 0.283
0.844 0.281
0.844 0.278
0.844 0.271
0.844 0.254
0.844 0.253
0.857 0.245
0.857 0.244
0.857 0.241
0.857 0.235
0.857 0.232
0.857 0.231
interpolated_recall_precision
0.000 1.000
0.100 0.852
0.200 0.852
0.300 0.844
0.400 0.775
0.500 0.732
0.600 0.732
0.700 0.688
0.800 0.504
0.900 0.000
1.000 0.000

INFORMATION NEED 209-2
precision 0.032
recall 1.000
F1 0.062
prec@10 0.600
average_precision 0.479
recall_precision
0.016 0.500
0.016 0.250
0.062 0.571
0.062 0.500
0.109 0.636
0.125 0.667
0.141 0.692
0.156 0.667
0.203 0.684
0.219 0.700
0.250 0.727
0.266 0.739
0.281 0.750
0.344 0.759
0.344 0.733
0.359 0.622
0.375 0.585
0.391 0.595
0.422 0.562
0.438 0.571
0.469 0.577
0.500 0.593
0.547 0.593
0.547 0.583
0.547 0.574
0.547 0.556
0.578 0.544
0.594 0.551
0.594 0.543
0.609 0.542
0.609 0.527
0.641 0.512
0.641 0.500
0.656 0.494
0.656 0.483
0.672 0.478
0.672 0.443
0.672 0.434
0.672 0.430
0.672 0.402
0.688 0.396
0.688 0.386
0.688 0.383
0.688 0.373
0.719 0.359
0.719 0.357
0.719 0.348
0.750 0.331
0.766 0.327
0.766 0.325
0.766 0.322
0.766 0.320
0.766 0.318
0.766 0.316
0.766 0.314
0.766 0.312
0.766 0.302
0.766 0.292
0.766 0.288
0.766 0.283
0.766 0.280
0.766 0.278
0.766 0.275
0.766 0.274
interpolated_recall_precision
0.000 0.759
0.100 0.759
0.200 0.759
0.300 0.759
0.400 0.593
0.500 0.593
0.600 0.542
0.700 0.359
0.800 0.000
0.900 0.000
1.000 0.000

INFORMATION NEED 305-4
precision 0.026
recall 0.964
F1 0.052
prec@10 0.500
average_precision 0.196
recall_precision
0.036 1.000
0.055 0.500
0.073 0.500
0.109 0.429
0.127 0.467
0.164 0.474
0.182 0.417
0.236 0.371
0.236 0.361
0.236 0.289
0.236 0.250
0.236 0.194
0.255 0.203
0.255 0.192
0.255 0.175
0.255 0.169
0.273 0.174
0.273 0.169
0.273 0.163
0.273 0.150
0.291 0.155
0.309 0.160
0.327 0.159
0.327 0.155
0.327 0.145
0.327 0.143
0.327 0.140
0.327 0.134
0.327 0.131
0.327 0.125
0.327 0.124
0.327 0.118
0.327 0.115
0.327 0.111
0.327 0.109
0.345 0.112
0.345 0.111
0.345 0.110
0.345 0.109
0.345 0.104
0.345 0.103
0.364 0.103
0.364 0.100
0.364 0.096
0.364 0.094
0.364 0.092
0.364 0.090
0.364 0.090
0.364 0.088
0.364 0.085
0.364 0.083
0.364 0.082
0.364 0.082
interpolated_recall_precision
0.000 1.000
0.100 0.474
0.200 0.371
0.300 0.160
0.400 0.000
0.500 0.000
0.600 0.000
0.700 0.000
0.800 0.000
0.900 0.000
1.000 0.000

TOTAL
precision 0.034
recall 0.969
F1 0.065
prec@10 0.700
MAP 0.476
interpolated_recall_precision
0.000 0.946
0.100 0.775
0.200 0.754
0.300 0.697
0.400 0.576
0.500 0.561
0.600 0.508
0.700 0.415
0.800 0.255
0.900 0.000
1.000 0.000

INFORMATION NEED 101-4
precision 0.035
recall 0.896
F1 0.066
prec@10 0.800
average_precision 0.381
recall_precision
0.013 1.000
0.026 1.000
0.039 1.000
0.052 1.000
0.195 0.789
0.234 0.818
0.247 0.792
0.260 0.769
0.299 0.742
0.312 0.750
0.312 0.706
0.455 0.538
0.571 0.524
0.571 0.518
0.571 0.512
0.584 0.479
0.584 0.433
0.610 0.398
0.610 0.388
0.610 0.382
0.610 0.376
0.610 0.373
0.610 0.359
0.610 0.353
0.610 0.326
0.610 0.324
0.610 0.322
0.623 0.324
0.623 0.322
0.623 0.318
0.623 0.306
0.623 0.300
0.623 0.298
0.623 0.284
0.636 0.282
0.636 0.280
0.636 0.275
0.636 0.274
0.636 0.271
0.636 0.268
0.636 0.263
0.636 0.262
0.649 0.266
0.649 0.259
0.662 0.263
0.662 0.254
0.662 0.248
0.662 0.246
0.701 0.252
0.701 0.250
0.701 0.247
0.701 0.244
0.701 0.243
0.701 0.242
0.701 0.241
0.701 0.222
0.701 0.213
0.701 0.213
0.701 0.207
0.701 0.204
0.701 0.188
0.701 0.187
0.701 0.186
0.727 0.187
0.727 0.184
0.727 0.184
0.727 0.182
0.727 0.181
0.727 0.179
interpolated_recall_precision
0.000 1.000
0.100 0.818
0.200 0.818
0.300 0.750
0.400 0.538
0.500 0.524
0.600 0.398
0.700 0.252
0.800 0.000
0.900 0.000
1.000 0.000

INFORMATION NEED 106-4
precision 0.037
recall 1.000
F1 0.072
prec@10 0.900
average_precision 0.863
recall_precision
0.000 0.000
0.027 0.667
0.040 0.750
0.053 0.800
0.067 0.833
0.093 0.875
0.107 0.889
0.120 0.900
0.133 0.909
0.147 0.917
0.160 0.923
0.173 0.929
0.187 0.933
0.200 0.938
0.213 0.941
0.227 0.944
0.240 0.947
0.253 0.950
0.267 0.952
0.280 0.955
0.293 0.957
0.307 0.958
0.320 0.960
0.333 0.962
0.347 0.963
0.360 0.964
0.373 0.966
0.387 0.967
0.400 0.968
0.413 0.969
0.427 0.970
0.440 0.971
0.453 0.971
0.453 0.944
0.467 0.946
0.480 0.947
0.493 0.949
0.507 0.950
0.520 0.951
0.533 0.952
0.547 0.953
0.547 0.932
0.547 0.911
0.560 0.913
0.573 0.915
0.573 0.896
0.587 0.898
0.587 0.880
0.587 0.863
0.600 0.865
0.600 0.849
0.613 0.836
0.613 0.821
0.627 0.825
0.640 0.828
0.653 0.831
0.653 0.817
0.653 0.803
0.667 0.806
0.667 0.794
0.680 0.797
0.680 0.785
0.693 0.776
0.693 0.765
0.707 0.757
0.733 0.764
0.760 0.770
0.773 0.773
0.800 0.769
0.800 0.759
0.813 0.753
0.813 0.744
0.813 0.726
0.813 0.718
0.827 0.721
interpolated_recall_precision
0.000 0.971
0.100 0.971
0.200 0.971
0.300 0.971
0.400 0.971
0.500 0.953
0.600 0.865
0.700 0.773
0.800 0.769
0.900 0.000
1.000 0.000

INFORMATION NEED 206-4
precision 0.038
recall 0.987
F1 0.073
prec@10 0.700
average_precision 0.462
recall_precision
0.052 1.000
0.143 0.733
0.286 0.846
0.299 0.852
0.351 0.844
0.351 0.794
0.390 0.769
0.403 0.775
0.403 0.721
0.494 0.704
0.675 0.732
0.688 0.707
0.688 0.697
0.688 0.688
0.714 0.688
0.753 0.637
0.753 0.624
0.779 0.612
0.779 0.577
0.792 0.575
0.792 0.570
0.792 0.565
0.792 0.540
0.792 0.535
0.792 0.530
0.805 0.504
0.818 0.496
0.818 0.492
0.818 0.481
0.818 0.474
0.831 0.464
0.831 0.460
0.831 0.457
0.831 0.451
0.831 0.448
0.831 0.444
0.831 0.438
0.831 0.421
0.831 0.410
0.831 0.403
0.831 0.398
0.831 0.374
0.831 0.366
0.831 0.364
0.831 0.360
0.831 0.358
0.831 0.356
0.831 0.342
0.831 0.337
0.844 0.335
0.844 0.332
0.844 0.328
0.844 0.323
0.844 0.319
0.844 0.317
0.844 0.316
0.844 0.314
0.844 0.312
0.844 0.311
0.844 0.304
0.844 0.302
0.844 0.298
0.844 0.288
0.844 0.284
0.844 0.283
0.844 0.281
0.844 0.278
0.844 0.271
0.844 0.254
0.844 0.253
0.857 0.245
0.857 0.244
0.857 0.241
0.857 0.235
0.857 0.232
0.857 0.231
interpolated_recall_precision
0.000 1.000
0.100 0.852
0.200 0.852
0.300 0.844
0.400 0.775
0.500 0.732
0.600 0.732
0.700 0.688
0.800 0.504
0.900 0.000
1.000 0.000

INFORMATION NEED 209-2
precision 0.032
recall 1.000
F1 0.062
prec@10 0.600
average_precision 0.479
recall_precision
0.016 0.500
0.016 0.250
0.062 0.571
0.062 0.500
0.109 0.636
0.125 0.667
0.141 0.692
0.156 0.667
0.203 0.684
0.219 0.700
0.250 0.727
0.266 0.739
0.281 0.750
0.344 0.759
0.344 0.733
0.359 0.622
0.375 0.585
0.391 0.595
0.422 0.562
0.438 0.571
0.469 0.577
0.500 0.593
0.547 0.593
0.547 0.583
0.547 0.574
0.547 0.556
0.578 0.544
0.594 0.551
0.594 0.543
0.609 0.542
0.609 0.527
0.641 0.512
0.641 0.500
0.656 0.494
0.656 0.483
0.672 0.478
0.672 0.443
0.672 0.434
0.672 0.430
0.672 0.402
0.688 0.396
0.688 0.386
0.688 0.383
0.688 0.373
0.719 0.359
0.719 0.357
0.719 0.348
0.750 0.331
0.766 0.327
0.766 0.325
0.766 0.322
0.766 0.320
0.766 0.318
0.766 0.316
0.766 0.314
0.766 0.312
0.766 0.302
0.766 0.292
0.766 0.288
0.766 0.283
0.766 0.280
0.766 0.278
0.766 0.275
0.766 0.274
interpolated_recall_precision
0.000 0.759
0.100 0.759
0.200 0.759
0.300 0.759
0.400 0.593
0.500 0.593
0.600 0.542
0.700 0.359
0.800 0.000
0.900 0.000
1.000 0.000

INFORMATION NEED 305-4
precision 0.026
recall 0.964
F1 0.052
prec@10 0.500
average_precision 0.196
recall_precision
0.036 1.000
0.055 0.500
0.073 0.500
0.109 0.429
0.127 0.467
0.164 0.474
0.182 0.417
0.236 0.371
0.236 0.361
0.236 0.289
0.236 0.250
0.236 0.194
0.255 0.203
0.255 0.192
0.255 0.175
0.255 0.169
0.273 0.174
0.273 0.169
0.273 0.163
0.273 0.150
0.291 0.155
0.309 0.160
0.327 0.159
0.327 0.155
0.327 0.145
0.327 0.143
0.327 0.140
0.327 0.134
0.327 0.131
0.327 0.125
0.327 0.124
0.327 0.118
0.327 0.115
0.327 0.111
0.327 0.109
0.345 0.112
0.345 0.111
0.345 0.110
0.345 0.109
0.345 0.104
0.345 0.103
0.364 0.103
0.364 0.100
0.364 0.096
0.364 0.094
0.364 0.092
0.364 0.090
0.364 0.090
0.364 0.088
0.364 0.085
0.364 0.083
0.364 0.082
0.364 0.082
interpolated_recall_precision
0.000 1.000
0.100 0.474
0.200 0.371
0.300 0.160
0.400 0.000
0.500 0.000
0.600 0.000
0.700 0.000
0.800 0.000
0.900 0.000
1.000 0.000

TOTAL
precision 0.034
recall 0.969
F1 0.065
prec@10 0.700
MAP 0.476
interpolated_recall_precision
0.000 0.946
0.100 0.775
0.200 0.754
0.300 0.697
0.400 0.576
0.500 0.561
0.600 0.508
0.700 0.415
0.800 0.255
0.900 0.000
1.000 0.000

INFORMATION NEED 101-4
precision 0.035
recall 0.896
F1 0.066
prec@10 0.800
average_precision 0.381
recall_precision
0.013 1.000
0.026 1.000
0.039 1.000
0.052 1.000
0.195 0.789
0.234 0.818
0.247 0.792
0.260 0.769
0.299 0.742
0.312 0.750
0.312 0.706
0.455 0.538
0.571 0.524
0.571 0.518
0.571 0.512
0.584 0.479
0.584 0.433
0.610 0.398
0.610 0.388
0.610 0.382
0.610 0.376
0.610 0.373
0.610 0.359
0.610 0.353
0.610 0.326
0.610 0.324
0.610 0.322
0.623 0.324
0.623 0.322
0.623 0.318
0.623 0.306
0.623 0.300
0.623 0.298
0.623 0.284
0.636 0.282
0.636 0.280
0.636 0.275
0.636 0.274
0.636 0.271
0.636 0.268
0.636 0.263
0.636 0.262
0.649 0.266
0.649 0.259
0.662 0.263
0.662 0.254
0.662 0.248
0.662 0.246
0.701 0.252
0.701 0.250
0.701 0.247
0.701 0.244
0.701 0.243
0.701 0.242
0.701 0.241
0.701 0.222
0.701 0.213
0.701 0.213
0.701 0.207
0.701 0.204
0.701 0.188
0.701 0.187
0.701 0.186
0.727 0.187
0.727 0.184
0.727 0.184
0.727 0.182
0.727 0.181
0.727 0.179
interpolated_recall_precision
0.000 1.000
0.100 0.818
0.200 0.818
0.300 0.750
0.400 0.538
0.500 0.524
0.600 0.398
0.700 0.252
0.800 0.000
0.900 0.000
1.000 0.000

INFORMATION NEED 106-4
precision 0.037
recall 1.000
F1 0.072
prec@10 0.900
average_precision 0.863
recall_precision
0.000 0.000
0.027 0.667
0.040 0.750
0.053 0.800
0.067 0.833
0.093 0.875
0.107 0.889
0.120 0.900
0.133 0.909
0.147 0.917
0.160 0.923
0.173 0.929
0.187 0.933
0.200 0.938
0.213 0.941
0.227 0.944
0.240 0.947
0.253 0.950
0.267 0.952
0.280 0.955
0.293 0.957
0.307 0.958
0.320 0.960
0.333 0.962
0.347 0.963
0.360 0.964
0.373 0.966
0.387 0.967
0.400 0.968
0.413 0.969
0.427 0.970
0.440 0.971
0.453 0.971
0.453 0.944
0.467 0.946
0.480 0.947
0.493 0.949
0.507 0.950
0.520 0.951
0.533 0.952
0.547 0.953
0.547 0.932
0.547 0.911
0.560 0.913
0.573 0.915
0.573 0.896
0.587 0.898
0.587 0.880
0.587 0.863
0.600 0.865
0.600 0.849
0.613 0.836
0.613 0.821
0.627 0.825
0.640 0.828
0.653 0.831
0.653 0.817
0.653 0.803
0.667 0.806
0.667 0.794
0.680 0.797
0.680 0.785
0.693 0.776
0.693 0.765
0.707 0.757
0.733 0.764
0.760 0.770
0.773 0.773
0.800 0.769
0.800 0.759
0.813 0.753
0.813 0.744
0.813 0.726
0.813 0.718
0.827 0.721
interpolated_recall_precision
0.000 0.971
0.100 0.971
0.200 0.971
0.300 0.971
0.400 0.971
0.500 0.953
0.600 0.865
0.700 0.773
0.800 0.769
0.900 0.000
1.000 0.000

INFORMATION NEED 206-4
precision 0.038
recall 0.987
F1 0.073
prec@10 0.700
average_precision 0.462
recall_precision
0.052 1.000
0.143 0.733
0.286 0.846
0.299 0.852
0.351 0.844
0.351 0.794
0.390 0.769
0.403 0.775
0.403 0.721
0.494 0.704
0.675 0.732
0.688 0.707
0.688 0.697
0.688 0.688
0.714 0.688
0.753 0.637
0.753 0.624
0.779 0.612
0.779 0.577
0.792 0.575
0.792 0.570
0.792 0.565
0.792 0.540
0.792 0.535
0.792 0.530
0.805 0.504
0.818 0.496
0.818 0.492
0.818 0.481
0.818 0.474
0.831 0.464
0.831 0.460
0.831 0.457
0.831 0.451
0.831 0.448
0.831 0.444
0.831 0.438
0.831 0.421
0.831 0.410
0.831 0.403
0.831 0.398
0.831 0.374
0.831 0.366
0.831 0.364
0.831 0.360
0.831 0.358
0.831 0.356
0.831 0.342
0.831 0.337
0.844 0.335
0.844 0.332
0.844 0.328
0.844 0.323
0.844 0.319
0.844 0.317
0.844 0.316
0.844 0.314
0.844 0.312
0.844 0.311
0.844 0.304
0.844 0.302
0.844 0.298
0.844 0.288
0.844 0.284
0.844 0.283
0.844 0.281
0.844 0.278
0.844 0.271
0.844 0.254
0.844 0.253
0.857 0.245
0.857 0.244
0.857 0.241
0.857 0.235
0.857 0.232
0.857 0.231
interpolated_recall_precision
0.000 1.000
0.100 0.852
0.200 0.852
0.300 0.844
0.400 0.775
0.500 0.732
0.600 0.732
0.700 0.688
0.800 0.504
0.900 0.000
1.000 0.000

INFORMATION NEED 209-2
precision 0.032
recall 1.000
F1 0.062
prec@10 0.600
average_precision 0.479
recall_precision
0.016 0.500
0.016 0.250
0.062 0.571
0.062 0.500
0.109 0.636
0.125 0.667
0.141 0.692
0.156 0.667
0.203 0.684
0.219 0.700
0.250 0.727
0.266 0.739
0.281 0.750
0.344 0.759
0.344 0.733
0.359 0.622
0.375 0.585
0.391 0.595
0.422 0.562
0.438 0.571
0.469 0.577
0.500 0.593
0.547 0.593
0.547 0.583
0.547 0.574
0.547 0.556
0.578 0.544
0.594 0.551
0.594 0.543
0.609 0.542
0.609 0.527
0.641 0.512
0.641 0.500
0.656 0.494
0.656 0.483
0.672 0.478
0.672 0.443
0.672 0.434
0.672 0.430
0.672 0.402
0.688 0.396
0.688 0.386
0.688 0.383
0.688 0.373
0.719 0.359
0.719 0.357
0.719 0.348
0.750 0.331
0.766 0.327
0.766 0.325
0.766 0.322
0.766 0.320
0.766 0.318
0.766 0.316
0.766 0.314
0.766 0.312
0.766 0.302
0.766 0.292
0.766 0.288
0.766 0.283
0.766 0.280
0.766 0.278
0.766 0.275
0.766 0.274
interpolated_recall_precision
0.000 0.759
0.100 0.759
0.200 0.759
0.300 0.759
0.400 0.593
0.500 0.593
0.600 0.542
0.700 0.359
0.800 0.000
0.900 0.000
1.000 0.000

INFORMATION NEED 305-4
precision 0.026
recall 0.964
F1 0.052
prec@10 0.500
average_precision 0.196
recall_precision
0.036 1.000
0.055 0.500
0.073 0.500
0.109 0.429
0.127 0.467
0.164 0.474
0.182 0.417
0.236 0.371
0.236 0.361
0.236 0.289
0.236 0.250
0.236 0.194
0.255 0.203
0.255 0.192
0.255 0.175
0.255 0.169
0.273 0.174
0.273 0.169
0.273 0.163
0.273 0.150
0.291 0.155
0.309 0.160
0.327 0.159
0.327 0.155
0.327 0.145
0.327 0.143
0.327 0.140
0.327 0.134
0.327 0.131
0.327 0.125
0.327 0.124
0.327 0.118
0.327 0.115
0.327 0.111
0.327 0.109
0.345 0.112
0.345 0.111
0.345 0.110
0.345 0.109
0.345 0.104
0.345 0.103
0.364 0.103
0.364 0.100
0.364 0.096
0.364 0.094
0.364 0.092
0.364 0.090
0.364 0.090
0.364 0.088
0.364 0.085
0.364 0.083
0.364 0.082
0.364 0.082
interpolated_recall_precision
0.000 1.000
0.100 0.474
0.200 0.371
0.300 0.160
0.400 0.000
0.500 0.000
0.600 0.000
0.700 0.000
0.800 0.000
0.900 0.000
1.000 0.000

TOTAL
precision 0.034
recall 0.969
F1 0.065
prec@10 0.700
MAP 0.476
interpolated_recall_precision
0.000 0.946
0.100 0.775
0.200 0.754
0.300 0.697
0.400 0.576
0.500 0.561
0.600 0.508
0.700 0.415
0.800 0.255
0.900 0.000
1.000 0.000

