INFORMATION NEED 101-4
precision 0.280
recall 0.182
F1 0.220
prec@10 0.400
average_precision 0.411
recall_precision
0.013 1.000
0.026 1.000
0.039 0.429
0.052 0.400
0.065 0.333
0.078 0.273
0.091 0.304
0.104 0.296
0.117 0.300
0.130 0.263
0.143 0.282
0.156 0.300
0.169 0.289
0.182 0.280
interpolated_recall_precision
0.000 1.000
0.100 0.300
0.200 0.000
0.300 0.000
0.400 0.000
0.500 0.000
0.600 0.000
0.700 0.000
0.800 0.000
0.900 0.000
1.000 0.000

INFORMATION NEED 106-4
precision 0.360
recall 0.240
F1 0.288
prec@10 0.500
average_precision 0.459
recall_precision
0.013 0.500
0.027 0.500
0.040 0.600
0.053 0.571
0.067 0.500
0.080 0.462
0.093 0.412
0.107 0.444
0.120 0.409
0.133 0.435
0.147 0.458
0.160 0.480
0.173 0.433
0.187 0.438
0.200 0.441
0.213 0.400
0.227 0.415
0.240 0.367
interpolated_recall_precision
0.000 0.600
0.100 0.480
0.200 0.441
0.300 0.000
0.400 0.000
0.500 0.000
0.600 0.000
0.700 0.000
0.800 0.000
0.900 0.000
1.000 0.000

INFORMATION NEED 206-4
precision 0.060
recall 0.039
F1 0.047
prec@10 0.000
average_precision 0.045
recall_precision
0.013 0.032
0.026 0.042
0.039 0.060
interpolated_recall_precision
0.000 0.060
0.100 0.000
0.200 0.000
0.300 0.000
0.400 0.000
0.500 0.000
0.600 0.000
0.700 0.000
0.800 0.000
0.900 0.000
1.000 0.000

INFORMATION NEED 209-2
precision 0.140
recall 0.109
F1 0.123
prec@10 0.100
average_precision 0.166
recall_precision
0.016 0.250
0.031 0.182
0.047 0.107
0.062 0.138
0.078 0.156
0.094 0.182
0.109 0.146
interpolated_recall_precision
0.000 0.250
0.100 0.146
0.200 0.000
0.300 0.000
0.400 0.000
0.500 0.000
0.600 0.000
0.700 0.000
0.800 0.000
0.900 0.000
1.000 0.000

INFORMATION NEED 305-4
precision 0.060
recall 0.055
F1 0.057
prec@10 0.000
average_precision 0.064
recall_precision
0.018 0.043
0.036 0.065
0.055 0.083
interpolated_recall_precision
0.000 0.083
0.100 0.000
0.200 0.000
0.300 0.000
0.400 0.000
0.500 0.000
0.600 0.000
0.700 0.000
0.800 0.000
0.900 0.000
1.000 0.000

TOTAL
precision 0.180
recall 0.125
F1 0.147
prec@10 0.200
MAP 0.229
interpolated_recall_precision
0.000 0.399
0.100 0.185
0.200 0.088
0.300 0.000
0.400 0.000
0.500 0.000
0.600 0.000
0.700 0.000
0.800 0.000
0.900 0.000
1.000 0.000

