INFORMATION NEED 101-4
precision 0.420
recall 0.273
F1 0.331
prec@10 0.700
average_precision 0.575
recall_precision
0.013 1.000
0.026 0.500
0.039 0.600
0.052 0.667
0.065 0.714
0.078 0.750
0.091 0.778
0.104 0.500
0.117 0.500
0.130 0.500
0.143 0.524
0.156 0.545
0.169 0.520
0.182 0.483
0.195 0.484
0.208 0.500
0.221 0.515
0.234 0.529
0.247 0.514
0.260 0.476
0.273 0.467
interpolated_recall_precision
0.000 1.000
0.100 0.545
0.200 0.529
0.300 0.000
0.400 0.000
0.500 0.000
0.600 0.000
0.700 0.000
0.800 0.000
0.900 0.000
1.000 0.000

INFORMATION NEED 106-4
precision 0.500
recall 0.333
F1 0.400
prec@10 0.800
average_precision 0.773
recall_precision
0.013 1.000
0.027 1.000
0.040 1.000
0.053 1.000
0.067 1.000
0.080 1.000
0.093 0.875
0.107 0.800
0.120 0.818
0.133 0.769
0.147 0.688
0.160 0.706
0.173 0.684
0.187 0.700
0.200 0.682
0.213 0.696
0.227 0.680
0.240 0.692
0.253 0.704
0.267 0.714
0.280 0.724
0.293 0.688
0.307 0.697
0.320 0.500
0.333 0.500
interpolated_recall_precision
0.000 1.000
0.100 0.818
0.200 0.724
0.300 0.697
0.400 0.000
0.500 0.000
0.600 0.000
0.700 0.000
0.800 0.000
0.900 0.000
1.000 0.000

INFORMATION NEED 206-4
precision 0.830
recall 0.506
F1 0.629
prec@10 0.900
average_precision 0.890
recall_precision
0.013 1.000
0.026 0.667
0.039 0.750
0.052 0.800
0.065 0.833
0.078 0.857
0.091 0.875
0.104 0.889
0.117 0.900
0.130 0.909
0.143 0.917
0.156 0.923
0.169 0.929
0.182 0.933
0.195 0.882
0.208 0.889
0.221 0.895
0.234 0.900
0.247 0.905
0.260 0.909
0.273 0.913
0.286 0.917
0.299 0.920
0.312 0.923
0.325 0.926
0.338 0.929
0.351 0.931
0.364 0.933
0.377 0.935
0.390 0.938
0.403 0.912
0.416 0.889
0.429 0.892
0.442 0.895
0.455 0.875
0.468 0.878
0.481 0.860
0.494 0.844
0.506 0.830
interpolated_recall_precision
0.000 1.000
0.100 0.938
0.200 0.938
0.300 0.938
0.400 0.912
0.500 0.830
0.600 0.000
0.700 0.000
0.800 0.000
0.900 0.000
1.000 0.000

INFORMATION NEED 209-2
precision 0.540
recall 0.422
F1 0.474
prec@10 0.600
average_precision 0.656
recall_precision
0.016 0.500
0.031 0.667
0.047 0.750
0.062 0.800
0.078 0.625
0.094 0.667
0.109 0.636
0.125 0.615
0.141 0.643
0.156 0.667
0.172 0.688
0.188 0.706
0.203 0.722
0.219 0.737
0.234 0.714
0.250 0.727
0.266 0.708
0.281 0.692
0.297 0.704
0.312 0.690
0.328 0.656
0.344 0.667
0.359 0.561
0.375 0.558
0.391 0.532
0.406 0.531
0.422 0.540
interpolated_recall_precision
0.000 0.800
0.100 0.737
0.200 0.737
0.300 0.690
0.400 0.540
0.500 0.000
0.600 0.000
0.700 0.000
0.800 0.000
0.900 0.000
1.000 0.000

INFORMATION NEED 305-4
precision 0.040
recall 0.036
F1 0.038
prec@10 0.100
average_precision 0.116
recall_precision
0.018 0.167
0.036 0.065
interpolated_recall_precision
0.000 0.167
0.100 0.000
0.200 0.000
0.300 0.000
0.400 0.000
0.500 0.000
0.600 0.000
0.700 0.000
0.800 0.000
0.900 0.000
1.000 0.000

TOTAL
precision 0.466
recall 0.314
F1 0.375
prec@10 0.620
MAP 0.602
interpolated_recall_precision
0.000 0.793
0.100 0.608
0.200 0.586
0.300 0.465
0.400 0.290
0.500 0.166
0.600 0.000
0.700 0.000
0.800 0.000
0.900 0.000
1.000 0.000

